10
8
-1 -0 4e-006 -4e-006 -0 -1 0 -1 0 -0 0.231087 0.062593 0 0 0 0 0.7854 0.7854 0.7854 0 0.006576
-0.707102 -0.707111 -2e-006 -0.707111 0.707102 -1e-006 2e-006 1e-006 -1 -1e-006 -0 0.443975 0 0 0 0 0.7854 0.7854 0.7854 0 0.004317
0.961945 0.191328 0.195076 0.191328 0.038055 -0.980788 -0.195076 0.980788 0 0.0419217 -0.246966 0.08 0 0 0 0 0.7854 0.7854 0.7854 0 0.003144
1 0 0 0 0 -1 0 1 0 0 -0.238687 0.156482 0 0 0 0 0.7854 0.7854 0.7854 0 0.002956
-1 0 -4e-006 -4e-006 -0 1 0 1 0 -0 -0.247887 0.187779 0 0 0 0 0.7854 0.7854 0.7854 0 0.002612
-4e-006 -1 -0 -1 4e-006 -0 0 0 -1 -0 -0 0.453975 0 0 0 0 0.7854 0.7854 0.7854 0 0.002595
0 -0.707106 0.707107 -0 0.707107 0.707106 -1 -0 0 0.185287 -0 0.187779 0 0 0 0 0.7854 0.7854 0.7854 0 0.002292
1 0 0 0 0 -1 0 1 0 0 -0.231087 0.093889 0 0 0 0 0.7854 0.7854 0.7854 0 0.002234
-1 -3e-006 -1e-006 -3e-006 1 -0 1e-006 0 -1 -0 -0 0.413975 0 0 0 0 0.7854 0.7854 0.7854 0 0.002228
1 0 0 0 0 -1 0 1 0 0 -0.261087 0.125186 0 0 0 0 0.7854 0.7854 0.7854 0 9.5e-005
